100
0 1 20
0 2 10
0 3 15
1 2 5
1 4 16
1 7 25
2 5 12
2 8 18
3 6 22
4 9 30
5 8 14
6 7 8
6 9 17
7 8 21
9 10 19
10 11 13
10 12 28
11 13 11
11 14 24
12 15 9
13 16 20
14 17 16
15 18 27
15 19 23
16 20 14
17 21 26
18 22 31
18 23 29
19 24 7
20 25 12
21 26 35
21 27 18
22 28 16
23 29 20
24 30 22
25 31 26
26 32 14
26 33 17
27 34 23
28 35 25
29 36 30
29 37 19
30 38 27
31 39 21
32 40 15
32 41 28
33 42 33
34 43 20
35 44 11
36 45 24
36 46 19
37 47 22
38 48 16
39 49 30
40 50 25
41 51 14
42 52 17
42 53 26
43 54 21
44 55 29
45 56 32
46 57 18
47 58 23
48 59 27
49 60 31
50 61 12
51 62 16
52 63 20
53 64 25
54 65 19
55 66 14
56 67 28
57 68 22
58 69 26
59 70 33
60 71 30
61 72 24
62 73 17
63 74 21
64 75 19
65 76 27
66 77 14
67 78 25
68 79 29
69 80 32
70 81 23
71 82 18
72 83 20
73 84 16
74 85 35
75 86 12
76 87 26
77 88 31
78 89 28
79 90 21
80 91 24
81 92 15
82 93 19
83 94 22
84 95 27
85 96 30
86 97 17
87 98 28
88 99 23
89 90 25
91 92 33
92 93 20
93 94 14
94 95 19
95 96 21
96 97 16
97 98 29
98 99 30